1305;1000;1209;13:50:50:523
1310;1000;1218;13:50:51:562
1315;1000;1227;13:50:52:607
1320;1000;1236;13:50:53:524
1325;1000;1245;13:50:54:454
1330;2000;1254;13:50:55:529
1335;2000;1263;13:50:56:514
1340;2000;1272;13:50:57:576
1345;2000;1281;13:50:58:503
1350;2000;1290;13:50:59:550
1355;1000;1299;13:51:00:447
1360;1000;1308;13:51:01:568
1365;1000;1317;13:51:02:466
1370;1000;1326;13:51:03:440
1375;1000;1335;13:51:04:473
1380;2000;1344;13:51:05:500
1385;2000;1353;13:51:06:441
1390;2000;1362;13:51:07:554
1395;2000;1371;13:51:08:538
1400;2000;1380;13:51:09:546
1405;1000;1389;13:51:10:466
1410;1000;1398;13:51:11:497
1415;1000;1407;13:51:12:443
1420;1000;1416;13:51:13:545
1425;1000;1425;13:51:14:451
1430;2000;1434;13:51:15:494
1435;2000;1443;13:51:16:505
1440;2000;1452;13:51:17:558
1445;2000;1461;13:51:18:519
1450;2000;1470;13:51:19:472
1455;1000;1479;13:51:20:460
1460;1000;1488;13:51:21:474
1465;1000;1497;13:51:22:451
1470;1000;1506;13:51:23:508
1475;1000;1515;13:51:24:555
1480;2000;1524;13:51:25:449
1485;2000;1533;13:51:26:474
1490;2000;1542;13:51:27:507
1495;2000;1551;13:51:28:471
1500;2000;1560;13:51:29:435
1505;1000;1569;13:51:30:578
1510;1000;1578;13:51:31:510
1515;1000;1587;13:51:32:432
1520;1000;1596;13:51:33:546
1525;1000;1605;13:51:34:492
1530;2000;1614;13:51:35:469
1535;2000;1623;13:51:36:496
1540;2000;1632;13:51:37:453
1545;2000;1641;13:51:38:476
1550;2000;1650;13:51:39:514
1555;1000;1659;13:51:40:500
1560;1000;1668;13:51:41:489
1565;1000;1677;13:51:42:553
1570;1000;1686;13:51:43:472
1575;1000;1695;13:51:44:584
1580;2000;1704;13:51:45:564
1585;2000;1713;13:51:46:486
1590;2000;1722;13:51:47:468
1595;2000;1731;13:51:48:462
1600;2000;1740;13:51:49:501
1605;1000;1749;13:51:50:514
1610;1000;1758;13:51:51:551
1615;1000;1767;13:51:52:481
1620;1000;1776;13:51:53:527
1625;1000;1785;13:51:54:449
1630;2000;1794;13:51:55:615
1635;2000;1803;13:51:56:488
1640;2000;1812;13:51:57:560
1645;2000;1821;13:51:58:574
1650;2000;1830;13:51:59:487
1655;1000;1839;13:52:00:527
1660;1000;1848;13:52:01:435
1665;1000;1857;13:52:02:452
1670;1000;1866;13:52:03:512
1675;1000;1875;13:52:04:524
1680;2000;1884;13:52:05:501
1685;2000;1893;13:52:06:450
1690;2000;1902;13:52:07:448
1695;2000;1911;13:52:08:632
1700;2000;1920;13:52:09:456
1705;1000;1929;13:52:10:575
1710;1000;1938;13:52:11:570
1715;1000;1947;13:52:12:459
1720;1000;1956;13:52:13:505
1725;1000;1965;13:52:14:484
1730;2000;1974;13:52:15:553
1735;2000;1983;13:52:16:444
1740;2000;1992;13:52:17:519
1745;2000;2001;13:52:18:507
1750;2000;2010;13:52:19:559
1755;1000;2019;13:52:20:568
1760;1000;2028;13:52:21:468
1765;1000;2037;13:52:22:507
1770;1000;2046;13:52:23:471
1775;1000;2055;13:52:24:539
1780;2000;2064;13:52:25:438
1785;2000;2073;13:52:26:490
1790;2000;2082;13:52:27:514
1795;2000;2091;13:52:28:511
1800;2000;2100;13:52:29:447
1805;1000;2109;13:52:30:604
1810;1000;2118;13:52:31:500
1815;1000;2127;13:52:32:492
1820;1000;2136;13:52:33:504
1825;1000;2145;13:52:34:502
1830;2000;2154;13:52:35:493
1835;2000;2163;13:52:36:476
1840;2000;2172;13:52:37:480
1845;2000;2181;13:52:38:538
1850;2000;2190;13:52:39:498
1855;1000;2199;13:52:40:453
1860;1000;2208;13:52:41:576
1865;1000;2217;13:52:42:507
1870;1000;2226;13:52:43:556
1875;1000;2235;13:52:44:488
1880;2000;2244;13:52:45:581
1885;2000;2253;13:52:46:498
1890;2000;2262;13:52:47:552
1895;2000;2271;13:52:48:544
1900;2000;2280;13:52:49:459
1905;1000;2289;13:52:50:455
1910;1000;2298;13:52:51:514
1915;1000;2307;13:52:52:483
1920;1000;2316;13:52:53:555
1925;1000;2325;13:52:54:456
1930;2000;2334;13:52:55:549
1935;2000;2343;13:52:56:458
1940;2000;2352;13:52:57:499
1945;2000;2361;13:52:58:513
1950;2000;2370;13:52:59:456
1955;1000;2379;13:53:00:622
1960;1000;2388;13:53:01:430
1965;1000;2397;13:53:02:508
1970;1000;2406;13:53:03:423
1975;1000;2415;13:53:04:488
1980;2000;2424;13:53:05:636
1985;2000;2433;13:53:06:513
1990;2000;2442;13:53:07:461
1995;2000;2451;13:53:08:559
2000;2000;2460;13:53:09:485
2005;1000;2469;13:53:10:482
2010;1000;2478;13:53:11:528
2015;1000;2487;13:53:12:464
2020;1000;2496;13:53:13:455
2025;1000;2505;13:53:14:498
2030;2000;2514;13:53:15:451
2035;2000;2523;13:53:16:538
2040;2000;2532;13:53:17:514
2045;2000;2541;13:53:18:567
2050;2000;2550;13:53:19:515
2055;1000;2559;13:53:20:642
2060;1000;2568;13:53:21:461
2065;1000;2577;13:53:22:581
2070;1000;2586;13:53:23:514
2075;1000;2595;13:53:24:540
2080;2000;2604;13:53:25:559
2085;2000;2613;13:53:26:461
2090;2000;2622;13:53:27:681
2095;2000;2631;13:53:28:575
2100;2000;2640;13:53:29:496
2105;1000;2649;13:53:30:503
2110;1000;2658;13:53:31:485
2115;1000;2667;13:53:32:448
2120;1000;2676;13:53:33:477
2125;1000;2685;13:53:34:578
2130;2000;2694;13:53:35:486
2135;2000;2703;13:53:36:528
2140;2000;2712;13:53:37:586
2145;2000;2721;13:53:38:559
2150;2000;2730;13:53:39:584
2155;1000;2739;13:53:40:443
2160;1000;2748;13:53:41:476
2165;1000;2757;13:53:42:454
2170;1000;2766;13:53:43:543
2175;1000;2775;13:53:44:505
2180;2000;2784;13:53:45:457
2185;2000;2793;13:53:46:510
2190;2000;2802;13:53:47:452
2195;2000;2811;13:53:48:467
2200;2000;2820;13:53:49:502
2205;1000;2829;13:53:50:508
2210;1000;2838;13:53:51:505
2215;1000;2847;13:53:52:594
2220;1000;2856;13:53:53:556
2225;1000;2865;13:53:54:644
2230;2000;2874;13:53:55:600
2235;2000;2883;13:53:56:459
2240;2000;2892;13:53:57:526
2245;2000;2901;13:53:58:590
2250;2000;2910;13:53:59:607
2255;1000;2919;13:54:00:585
2260;1000;2928;13:54:01:540
2265;1000;2937;13:54:02:507
2270;1000;2946;13:54:03:544
2275;1000;2955;13:54:06:336
2280;2000;2964;13:54:06:551
2285;2000;2973;13:54:06:653
2290;2000;2982;13:54:07:473
2295;2000;2991;13:54:08:483
2300;2000;3000;13:54:09:525
2305;1000;3009;13:54:10:459
2310;1000;3018;13:54:11:472
2315;1000;3027;13:54:12:440
2320;1000;3036;13:54:13:489
2325;1000;3045;13:54:14:516
2330;2000;3054;13:54:15:529
2335;2000;3063;13:54:16:486
2340;2000;3072;13:54:17:565
2345;2000;3081;13:54:18:580
2350;2000;3090;13:54:19:460
2355;1000;3099;13:54:20:457
2360;1000;3108;13:54:21:466
2365;1000;3117;13:54:22:484
2370;1000;3126;13:54:23:474
2375;1000;3135;13:54:24:530
2380;2000;3144;13:54:25:492
2385;2000;3153;13:54:26:507
2390;2000;3162;13:54:27:498
2395;2000;3171;13:54:28:489
2400;2000;3180;13:54:29:564
2405;1000;3189;13:54:30:559
2410;1000;3198;13:54:31:475
2415;1000;3207;13:54:32:467
2420;1000;3216;13:54:33:490
2425;1000;3225;13:54:34:512
2430;2000;3234;13:54:35:495
2435;2000;3243;13:54:36:492
2440;2000;3252;13:54:37:473
2445;2000;3261;13:54:38:513
2450;2000;3270;13:54:39:526
2455;1000;3279;13:54:40:571
2460;1000;3288;13:54:41:469
2465;1000;3297;13:54:42:518
2470;1000;3306;13:54:43:489
2475;1000;3315;13:54:44:559
2480;2000;3324;13:54:45:464
2485;2000;3333;13:54:46:553
2490;2000;3342;13:54:47:556
2495;2000;3351;13:54:48:539
2500;2000;3360;13:54:49:543
2505;1000;3369;13:54:50:569
2510;1000;3378;13:54:51:548
2515;1000;3387;13:54:52:508
2520;1000;3396;13:54:53:518
2525;1000;3405;13:54:54:489
2530;2000;3414;13:54:55:496
2535;2000;3423;13:54:56:482
2540;2000;3432;13:54:57:539
2545;2000;3441;13:54:58:483
2550;2000;3450;13:54:59:486
2555;1000;3459;13:55:00:489
2560;1000;3468;13:55:01:470
2565;1000;3477;13:55:02:477
2570;1000;3486;13:55:03:532
2575;1000;3495;13:55:04:482
2580;2000;3504;13:55:05:556
2585;2000;3513;13:55:06:527
2590;2000;3522;13:55:07:538
2595;2000;3531;13:55:08:502
2600;2000;3540;13:55:09:592
2605;1000;3549;13:55:10:488
2610;1000;3558;13:55:11:502
2615;1000;3567;13:55:12:554
2620;1000;3576;13:55:13:520
2625;1000;3585;13:55:14:522
2630;2000;3594;13:55:15:482
2635;2000;3603;13:55:16:507
2640;2000;3612;13:55:17:534
2645;2000;3621;13:55:18:495
2650;2000;3630;13:55:19:552
2655;1000;3639;13:55:20:522
2660;1000;3648;13:55:21:503
2665;1000;3657;13:55:22:546
2670;1000;3666;13:55:23:516
2675;1000;3675;13:55:24:592
2680;2000;3684;13:55:25:554
2685;2000;3693;13:55:26:453
2690;2000;3702;13:55:27:481
2695;2000;3711;13:55:28:511
2700;2000;3720;13:55:29:465
2705;1000;3729;13:55:30:474
2710;1000;3738;13:55:31:532
2715;1000;3747;13:55:32:473
2720;1000;3756;13:55:33:489
2725;1000;3765;13:55:34:550
2730;2000;3774;13:55:35:478
2735;2000;3783;13:55:36:566
2740;2000;3792;13:55:37:611
2745;2000;3801;13:55:38:515
2750;2000;3810;13:55:39:475
2755;1000;3819;13:55:40:508
2760;1000;3828;13:55:41:549
2765;1000;3837;13:55:42:494
2770;1000;3846;13:55:43:584
2775;1000;3855;13:55:44:499
2780;2000;3864;13:55:45:487
2785;2000;3873;13:55:46:488
2790;2000;3882;13:55:47:475
2795;2000;3891;13:55:48:518
2800;2000;3900;13:55:49:491
2805;1000;3909;13:55:50:488
2810;1000;3918;13:55:51:465
2815;1000;3927;13:55:52:503
2820;1000;3936;13:55:53:566
2825;1000;3945;13:55:54:578
2830;2000;3954;13:55:55:500
2835;2000;3963;13:55:56:515
2840;2000;3972;13:55:57:471
2845;2000;3981;13:55:58:597
2850;2000;3990;13:55:59:466
2855;1000;3999;13:56:00:526
2860;1000;4008;13:56:01:533
2865;1000;4017;13:56:02:484
2870;1000;4026;13:56:03:535
2875;1000;4035;13:56:04:517
2880;2000;4044;13:56:05:642
2885;2000;4053;13:56:06:620
2890;2000;4062;13:56:07:573
2895;2000;4071;13:56:08:502
2900;2000;4080;13:56:09:541
2905;1000;4089;13:56:10:506
2910;1000;4098;13:56:11:641
2915;1000;4107;13:56:12:463
2920;1000;4116;13:56:13:481
2925;1000;4125;13:56:14:522
2930;2000;4134;13:56:15:587
2935;2000;4143;13:56:16:497
2940;2000;4152;13:56:17:462
2945;2000;4161;13:56:18:445
2950;2000;4170;13:56:19:544
2955;1000;4179;13:56:20:517
2960;1000;4188;13:56:21:558
2965;1000;4197;13:56:22:470
2970;1000;4206;13:56:23:514
2975;1000;4215;13:56:24:532
2980;2000;4224;13:56:25:522
2985;2000;4233;13:56:26:534
2990;2000;4242;13:56:27:477
2995;2000;4251;13:56:28:449
3000;2000;4260;13:56:29:513
3005;1000;4269;13:56:30:516
3010;1000;4278;13:56:31:467
3015;1000;4287;13:56:32:532
3020;1000;4296;13:56:33:557
3025;1000;4305;13:56:34:425
3030;2000;4314;13:56:35:497
3035;2000;4323;13:56:36:534
3040;2000;4332;13:56:37:498
3045;2000;4341;13:56:38:459
3050;2000;4350;13:56:39:613
3055;1000;4359;13:56:40:534
3060;1000;4368;13:56:41:471
3065;1000;4377;13:56:42:496
3070;1000;4386;13:56:43:522
3075;1000;4395;13:56:44:469
3080;2000;4404;13:56:45:554
3085;2000;4413;13:56:46:456
3090;2000;4422;13:56:47:540
3095;2000;4431;13:56:48:502
3100;2000;4440;13:56:49:503
3105;1000;4449;13:56:50:498
3110;1000;4458;13:56:51:527
3115;1000;4467;13:56:52:472
3120;1000;4476;13:56:53:427
3125;1000;4485;13:56:54:482
3130;2000;4494;13:56:55:471
3135;2000;4503;13:56:56:490
3140;2000;4512;13:56:57:464
3145;2000;4521;13:56:58:567
3150;2000;4530;13:56:59:521
3155;1000;4539;13:57:00:519
3160;1000;4548;13:57:01:549
3165;1000;4557;13:57:02:466
3170;1000;4566;13:57:03:510
3175;1000;4575;13:57:04:477
3180;2000;4584;13:57:05:522
3185;2000;4593;13:57:06:517
3190;2000;4602;13:57:07:522
3195;2000;4611;13:57:08:574
3200;2000;4620;13:57:09:461
3205;1000;4629;13:57:10:603
3210;1000;4638;13:57:11:655
3215;1000;4647;13:57:12:506
3220;1000;4656;13:57:13:467
3225;1000;4665;13:57:14:512
3230;2000;4674;13:57:15:593
3235;2000;4683;13:57:16:559
3240;2000;4692;13:57:17:470
3245;2000;4701;13:57:18:491
3250;2000;4710;13:57:19:494
3255;1000;4719;13:57:20:536
3260;1000;4728;13:57:21:447
3265;1000;4737;13:57:22:465
3270;1000;4746;13:57:23:567
3275;1000;4755;13:57:24:545
3280;2000;4764;13:57:25:592
3285;2000;4773;13:57:26:460
3290;2000;4782;13:57:27:464
3295;2000;4791;13:57:28:536
3300;2000;4800;13:57:29:521
3305;1000;4809;13:57:30:959
3310;1000;4818;13:57:31:531
3315;1000;4827;13:57:32:509
3320;1000;4836;13:57:33:559
3325;1000;4845;13:57:34:476
3330;2000;4854;13:57:35:628
3335;2000;4863;13:57:36:484
3340;2000;4872;13:57:37:511
3345;2000;4881;13:57:38:510
3350;2000;4890;13:57:39:531
3355;1000;4899;13:57:40:659
3360;1000;4908;13:57:41:476
3365;1000;4917;13:57:42:468
3370;1000;4926;13:57:43:520
3375;1000;4935;13:57:44:534
3380;2000;4944;13:57:45:642
3385;2000;4953;13:57:46:488
3390;2000;4962;13:57:47:473
3395;2000;4971;13:57:48:561
3400;2000;4980;13:57:49:468
3405;1000;4989;13:57:50:623
3410;1000;4998;13:57:51:516
3415;1000;5007;13:57:52:526
3420;1000;5016;13:57:53:529
3425;1000;5025;13:57:54:506
3430;2000;5034;13:57:55:541
3435;2000;5043;13:57:56:632
3440;2000;5052;13:57:57:495
3445;2000;5061;13:57:58:522
3450;2000;5070;13:57:59:534
3455;1000;5079;13:58:00:619
3460;1000;5088;13:58:01:451
3465;1000;5097;13:58:02:531
3470;1000;5106;13:58:03:630
3475;1000;5115;13:58:04:482
3480;2000;5124;13:58:05:514
3485;2000;5133;13:58:06:421
3490;2000;5142;13:58:07:532
3495;2000;5151;13:58:08:461
3500;2000;5160;13:58:09:564
3505;1000;5169;13:58:10:537
3510;1000;5178;13:58:11:489
3515;1000;5187;13:58:12:503
3520;1000;5196;13:58:13:465
3525;1000;5205;13:58:14:561
3530;2000;5214;13:58:15:472
3535;2000;5223;13:58:16:495
3540;2000;5232;13:58:17:441
3545;2000;5241;13:58:18:503
3550;2000;5250;13:58:19:496
3555;1000;5259;13:58:20:479
3560;1000;5268;13:58:21:537
3565;1000;5277;13:58:22:473
3570;1000;5286;13:58:23:506
3575;1000;5295;13:58:24:583
3580;2000;5304;13:58:25:488
3585;2000;5313;13:58:26:607
3590;2000;5322;13:58:27:587
3595;2000;5331;13:58:28:479
3600;2000;5340;13:58:29:535
3605;1000;5349;13:58:30:607
3610;1000;5358;13:58:31:486
3615;1000;5367;13:58:32:453
3620;1000;5376;13:58:33:488
3625;1000;5385;13:58:34:568
3630;2000;5394;13:58:35:586
3635;2000;5403;13:58:36:518
3640;2000;5412;13:58:37:516
3645;2000;5421;13:58:38:468
3650;2000;5430;13:58:39:466
3655;1000;5439;13:58:40:542
3660;1000;5448;13:58:41:572
3665;1000;5457;13:58:42:493
3670;1000;5466;13:58:43:480
3675;1000;5475;13:58:44:458
3680;2000;5484;13:58:45:505
3685;2000;5493;13:58:46:562
3690;2000;5502;13:58:47:572
3695;2000;5511;13:58:48:528
3700;2000;5520;13:58:49:526
3705;1000;5529;13:58:50:504
3710;1000;5538;13:58:51:501
3715;1000;5547;13:58:52:418
3720;1000;5556;13:58:53:472
3725;1000;5565;13:58:54:551
3730;2000;5574;13:58:55:467
3735;2000;5583;13:58:56:454
3740;2000;5592;13:58:57:500
3745;2000;5601;13:58:58:550
3750;2000;5610;13:58:59:536
3755;1000;5619;13:59:00:462
3760;1000;5628;13:59:01:523
3765;1000;5637;13:59:02:546
3770;1000;5646;13:59:03:482
3775;1000;5655;13:59:04:591
3780;2000;5664;13:59:05:462
3785;2000;5673;13:59:06:507
3790;2000;5682;13:59:07:568
3795;2000;5691;13:59:08:534
3800;2000;5700;13:59:09:657
3805;1000;5709;13:59:10:468
3810;1000;5718;13:59:11:476
3815;1000;5727;13:59:12:582
3820;1000;5736;13:59:13:468
3825;1000;5745;13:59:14:537
3830;2000;5754;13:59:15:539
3835;2000;5763;13:59:16:486
3840;2000;5772;13:59:17:483
3845;2000;5781;13:59:18:457
3850;2000;5790;13:59:19:511
3855;1000;5799;13:59:20:578
3860;1000;5808;13:59:21:507
3865;1000;5817;13:59:22:478
3870;1000;5826;13:59:23:519
3875;1000;5835;13:59:24:564
3880;2000;5844;13:59:25:452
3885;2000;5853;13:59:26:562
3890;2000;5862;13:59:27:501
3895;2000;5871;13:59:28:596
3900;2000;5880;13:59:29:506
3905;1000;5889;13:59:30:579
3910;1000;5898;13:59:31:525
3915;1000;5907;13:59:32:525
3920;1000;5916;13:59:33:575
3925;1000;5925;13:59:34:501
3930;2000;5934;13:59:35:529
3935;2000;5943;13:59:36:521
3940;2000;5952;13:59:37:475
3945;2000;5961;13:59:38:577
3950;2000;5970;13:59:39:566
3955;1000;5979;13:59:40:518
3960;1000;5988;13:59:41:554
3965;1000;5997;13:59:42:531
3970;1000;6006;13:59:43:481
3975;1000;6015;13:59:44:490
3980;2000;6024;13:59:45:533
3985;2000;6033;13:59:46:507
3990;2000;6042;13:59:47:626
3995;2000;6051;13:59:48:504
4000;2000;6060;13:59:49:511
4005;1000;6069;13:59:50:471
4010;1000;6078;13:59:51:530
4015;1000;6087;13:59:52:599
4020;1000;6096;13:59:53:484
4025;1000;6105;13:59:54:530
4030;2000;6114;13:59:55:604
4035;2000;6123;13:59:56:653
4040;2000;6132;13:59:57:495
4045;2000;6141;13:59:58:518
4050;2000;6150;13:59:59:471
4055;1000;6159;14:00:00:488
4060;1000;6168;14:00:01:562
4065;1000;6177;14:00:02:427
4070;1000;6186;14:00:03:680
4075;1000;6195;14:00:04:435
4080;2000;6204;14:00:05:524
4085;2000;6213;14:00:06:516
4090;2000;6222;14:00:07:613
4095;2000;6231;14:00:08:463
4100;2000;6240;14:00:09:507
4105;1000;6249;14:00:10:561
4110;1000;6258;14:00:11:573
4115;1000;6267;14:00:12:528
4120;1000;6276;14:00:13:476
4125;1000;6285;14:00:14:472
